[Debug board]
COM port = "COM5"
X_max = 200
Y_max = 200
Z_max = 400

[Creality CR-6 SE]
COM port = "COM3"
X_max = 235.000000
Y_max = 235.000000
Z_max = 250.000000