[Creality CR-6 SE]
COM port = "COM3"
X_max = 235.000000
Y_max = 235.000000
Z_max = 250.000000

[Creality Ender 3]
COM port = ""
X_max = 220.000000
Y_max = 220.000000
Z_max = 250.000000

[Creality CR-10]
COM port = ""
X_max = 300.000000
Y_max = 300.000000
Z_max = 400.000000

[Creality CR-10 S5]
COM port = ""
X_max = 500.000000
Y_max = 500.000000
Z_max = 500.000000