[Creality CR-6 SE]
COM port = "COM5"
X_max = 235.000000
Y_max = 235.000000
Z_max = 400.000000

[Creality Ender 3 v2]
COM port = ""
X_max = 220.000000    
Y_max = 220.000000    
Z_max = 300.000000    